0	1
1	184
2	161
3	42
4	8
5	119
6	24
7	93
8	105
9	144
10	111
11	183
12	13
13	35
14	179
15	17
16	55
17	81
18	81
19	198
20	108
21	113
22	142
23	8
24	108
25	170
26	173
27	179
28	84
29	86
30	73
31	55
32	22
33	181
34	97
35	112
36	181
37	104
38	160
39	145
40	126
41	187
42	7
43	97
44	106
45	88
46	128
47	156
48	150
49	181
50	188
51	129
52	197
53	145
54	162
55	5
56	16
57	1
58	128
59	189
60	112
61	16
62	40
63	94
64	108
65	102
66	168
67	179
68	171
69	187
70	77
71	69
72	86
73	163
74	110
75	161
76	189
77	86
78	130
79	171
80	164
81	58
82	111
83	197
84	90
85	8
86	16
87	146
88	151
89	149
90	72
91	172
92	14
93	63
94	20
95	40
96	168
97	174
98	3
99	11
100	126
101	175
102	59
103	133
104	80
105	149
106	128
107	153
108	152
109	83
110	41
111	11
112	177
113	141
114	142
115	30
116	129
117	97
118	36
119	91
120	26
121	137
122	91
123	110
124	64
125	80
126	100
127	42
128	22
129	171
130	81
131	32
132	6
133	42
134	54
135	187
136	125
137	145
138	157
139	134
140	134
141	165
142	165
143	177
144	114
145	176
146	101
147	95
148	164
149	182
150	67
151	52
152	194
153	173
154	16
155	189
156	23
157	185
158	127
159	70
160	143
161	99
162	122
163	7
164	119
165	134
166	180
167	126
168	130
169	127
170	6
171	147
172	52
173	192
174	22
175	109
176	52
177	151
178	89
179	12
180	133
181	2
182	137
183	100
184	73
185	86
186	45
187	21
188	10
189	172
190	145
191	115
192	88
193	148
194	161
195	143
196	178
197	69
198	188
199	87
200	97
201	9
202	21
203	64
204	194
205	86
206	192
207	100
208	154
209	44
210	192
211	130
212	139
213	96
214	53
215	74
216	46
217	159
218	150
219	112
220	161
221	97
222	99
223	86
224	197
225	53
226	170
227	119
228	197
229	92
230	18
231	168
232	18
233	48
234	190
235	57
236	33
237	7
238	72
239	104
240	102
241	87
242	184
243	184
244	196
245	53
246	168
247	110
248	17
249	12
250	28
251	149
252	107
253	41
254	103
255	17
256	73
257	127
258	90
259	49
260	136
261	33
262	83
263	175
264	158
265	116
266	145
267	14
268	64
269	164
270	55
271	17
272	106
273	93
274	82
275	113
276	93
277	124
278	54
279	13
280	133
281	47
282	99
283	197
284	107
285	141
286	53
287	17
288	59
289	93
290	142
291	26
292	89
293	173
294	159
295	197
296	78
297	66
298	17
299	184
300	195
301	15
302	12
303	13
304	172
305	85
306	165
307	28
308	178
309	164
310	57
311	87
312	127
313	161
314	170
315	20
316	83
317	4
318	126
319	23
320	94
321	114
322	123
323	32
324	144
325	138
326	150
327	76
328	11
329	111
330	42
331	200
332	119
333	161
334	76
335	153
336	74
337	166
338	16
339	0
340	22
341	95
342	137
343	145
344	28
345	146
346	78
347	45
348	143
349	56
350	86
351	87
352	147
353	43
354	186
355	44
356	102
357	67
358	109
359	195
360	19
361	92
362	139
363	85
364	86
365	170
366	130
367	101
368	108
369	88
370	190
371	122
372	43
373	80
374	112
375	50
376	178
377	51
378	128
379	91
380	51
381	52
382	27
383	183
384	57
385	22
386	151
387	67
388	118
389	54
390	2
391	182
392	110
393	154
394	142
395	165
396	64
397	86
398	192
399	155
400	138
401	26
402	27
403	93
404	112
405	144
406	195
407	123
408	89
409	53
410	61
411	138
412	63
413	87
414	148
415	163
416	110
417	30
418	187
419	121
420	8
421	94
422	131
423	98
424	134
425	13
426	134
427	5
428	103
429	89
430	102
431	112
432	104
433	41
434	160
435	10
436	162
437	168
438	33
439	55
440	84
441	177
442	184
443	50
444	30
445	93
446	86
447	31
448	151
449	121
450	145
451	10
452	31
453	4
454	155
455	45
456	71
457	18
458	94
459	106
460	199
461	165
462	110
463	147
464	54
465	131
466	106
467	99
468	89
469	72
470	162
471	69
472	105
473	161
474	22
475	81
476	177
477	163
478	111
479	121
480	133
481	132
482	143
483	55
484	115
485	38
486	73
487	72
488	15
489	191
490	51
491	14
492	131
493	29
494	154
495	81
496	54
497	155
498	119
499	101
500	127
501	38
502	96
503	159
504	38
505	94
506	156
507	34
508	7
509	198
510	58
511	106
512	33
513	0
514	173
515	181
516	144
517	85
518	19
519	194
520	37
521	154
522	83
523	84
524	135
525	19
526	8
527	31
528	105
529	16
530	9
531	28
532	159
533	23
534	87
535	196
536	143
537	88
538	67
539	82
540	128
541	149
542	48
543	63
544	180
545	190
546	196
547	115
548	163
549	129
550	199
551	109
552	117
553	42
554	151
555	18
556	175
557	59
558	149
559	10
560	44
561	38
562	194
563	57
564	48
565	152
566	49
567	155
568	147
569	200
570	185
571	114
572	26
573	162
574	63
575	110
576	90
577	179
578	24
579	68
580	32
581	122
582	121
583	104
584	142
585	116
586	107
587	86
588	16
589	10
590	131
591	49
592	174
593	61
594	34
595	134
596	32
597	99
598	96
599	152
600	120
601	20
602	114
603	14
604	13
605	179
606	118
607	155
608	43
609	127
610	82
611	1
612	186
613	119
614	18
615	137
616	131
617	200
618	138
619	2
620	181
621	28
622	110
623	47
624	159
625	101
626	23
627	50
628	188
629	80
630	117
631	27
632	80
633	122
634	22
635	95
636	111
637	15
638	115
639	194
640	91
641	187
642	87
643	89
644	192
645	18
646	54
647	56
648	123
649	86
650	76
651	15
652	78
653	184
654	136
655	154
656	144
657	84
658	162
659	72
660	23
661	194
662	87
663	61
664	82
665	63
666	10
667	173
668	30
669	36
670	34
671	48
672	88
673	1
674	30
675	91
676	49
677	195
678	198
679	178
680	169
681	113
682	31
683	79
684	60
685	97
686	138
687	77
688	191
689	20
690	37
691	197
692	1
693	192
694	35
695	27
696	186
697	32
698	170
699	83
700	123
701	68
702	57
703	113
704	82
705	66
706	30
707	183
708	19
709	43
710	15
711	153
712	158
713	89
714	188
715	147
716	74
717	72
718	21
719	200
720	46
721	2
722	17
723	83
724	27
725	185
726	70
727	154
728	64
729	116
730	29
731	112
732	47
733	143
734	14
735	60
736	26
737	120
738	21
739	164
740	172
741	11
742	48
743	93
744	180
745	95
746	196
747	8
748	170
749	118
750	31
751	107
752	45
753	5
754	154
755	185
756	4
757	119
758	70
759	142
760	165
761	156
762	22
763	18
764	162
765	58
766	136
767	145
768	107
769	38
770	177
771	91
772	10
773	184
774	74
775	152
776	5
777	182
778	70
779	140
780	186
781	89
782	162
783	132
784	50
785	98
786	102
787	158
788	147
789	158
790	119
791	81
792	61
793	163
794	136
795	116
796	40
797	112
798	103
799	64
800	75
801	47
802	144
803	179
804	64
805	198
806	158
807	40
808	143
809	2
810	152
811	75
812	53
813	70
814	45
815	59
816	139
817	198
818	10
819	98
820	57
821	40
822	99
823	82
824	156
825	129
826	26
827	45
828	25
829	95
830	83
831	65
832	92
833	3
834	141
835	167
836	161
837	39
838	104
839	189
840	127
841	64
842	0
843	138
844	193
845	85
846	157
847	169
848	10
849	180
850	20
851	116
852	36
853	14
854	171
855	105
856	115
857	48
858	130
859	173
860	156
861	128
862	53
863	81
864	137
865	185
866	1
867	7
868	91
869	71
870	169
871	14
872	34
873	64
874	156
875	12
876	143
877	71
878	157
879	171
880	83
881	70
882	6
883	174
884	129
885	14
886	157
887	198
888	45
889	57
890	138
891	64
892	77
893	2
894	163
895	191
896	107
897	112
898	122
899	148
900	176
901	86
902	37
903	194
904	62
905	73
906	24
907	150
908	39
909	82
910	15
911	58
912	183
913	29
914	170
915	73
916	116
917	65
918	50
919	135
920	30
921	105
922	87
923	59
924	11
925	12
926	80
927	11
928	6
929	22
930	177
931	21
932	17
933	193
934	195
935	19
936	196
937	167
938	122
939	157
940	51
941	29
942	26
943	29
944	80
945	172
946	110
947	116
948	111
949	96
950	10
951	35
952	187
953	26
954	125
955	47
956	9
957	177
958	15
959	154
960	25
961	156
962	121
963	61
964	70
965	11
966	27
967	192
968	3
969	39
970	161
971	144
972	188
973	155
974	159
975	155
976	128
977	74
978	37
979	80
980	123
981	3
982	24
983	46
984	14
985	188
986	116
987	86
988	66
989	169
990	75
991	100
992	22
993	156
994	105
995	11
996	181
997	9
998	109
999	178
